Ori_geo_unit,Share_Distance_2_3_Wheel,Share_Distance_Bike,Share_Distance_Car,Share_Distance_Foot,Share_Distance_Transit
75101,0.010807334598511681,0.018045208158155475,0.1256847157314012,0.04009463822888525,0.8053681032830463
75102,0.04150796517961321,0.015088309804842267,0.11900289527647193,0.04959106152719682,0.7748097682118757
75103,0.054333966909123114,0.019715922595414402,0.13998065907235868,0.08562947886849377,0.7003399725546101
75104,0.02100509785083858,0.01879238925356199,0.19374138376331576,0.048725162259454224,0.7177359668728294
75105,0.014958472000015488,0.019584229528163834,0.16692206607752075,0.08337238890445206,0.7151628434898477
75106,0.050162747747838056,0.021599960120293346,0.18671197311585758,0.05796332615553926,0.6835619928604718
75107,0.06154278967230844,0.019272069287247513,0.21303849405855393,0.05614245134369728,0.6500041956381929
75108,0.024936208920810235,0.005247332083911803,0.16431252946429722,0.03700099463487579,0.7685029348961049
75109,0.009864153130679357,0.011884051646469504,0.12677247507602463,0.047404074603905014,0.8040752455429215
75110,0.02650207384056788,0.016459428268409054,0.1710409288164111,0.05235317637274297,0.7336443927018689
75111,0.023362451902020073,0.024724956387335847,0.21519811762499375,0.07132445326317156,0.6653900208224788
75112,0.01959825034092024,0.01628896061859444,0.27555289465269234,0.04169443178356992,0.6468654626042231
75113,0.029529655885753514,0.01396449536206984,0.21276162953014274,0.0526400779857949,0.691104141236239
75114,0.022916663603457666,0.009691953327991698,0.2883879055625438,0.06187756607602919,0.6171259114299776
75115,0.026254795553158638,0.015562871425772395,0.22483643973917186,0.057531345017142056,0.6758145482647552
75116,0.029820509917390513,0.011806621265465665,0.3953069991583055,0.05567012919159333,0.5073957404672449
75117,0.049454733295711324,0.011372696481910213,0.30430694315872553,0.0539393723999834,0.5809262546636695
75118,0.02456134577734897,0.012975505423062451,0.25943603356158995,0.07772886893541407,0.6252982463025845
75119,0.03568980263776286,0.022435928091804086,0.2780785339718569,0.04821003825730931,0.6155856970412668
75120,0.03396590909921481,0.019074381246951155,0.2646932487687769,0.0783926453543925,0.6038738155306644
91027,0.025997336876360078,0.00023235838192971962,0.68563106964749,0.016171631394978302,0.2719676036992418
91326,0.0016463406301483634,0.006208612050810223,0.48594776195463657,0.024395270961023188,0.48180201440338166
91432,,0.009981937661301824,0.8267267883236042,0.027145357169501495,0.1361459168455925
91479,,,0.8757820715001216,0.004757118680194548,0.11946080981968389
91589,0.008061459933925937,0.006677859844676785,0.558699770308917,0.017376528501784054,0.4091843814106962
91687,0.020710157594413674,0.011067168843720188,0.7215226265241456,0.029207728753689564,0.217492318284031
92002,0.013377963612376543,0.013194126651260102,0.5533915248552177,0.0466061807909485,0.3734302040901971
92004,0.012654297062177805,0.01466169848114797,0.5145686548197385,0.058190136643598206,0.39992521299333766
92007,0.003088856866609956,,0.46390470071156525,0.07446831651475525,0.4585381259070695
92009,0.06043008357322925,0.00608308366644325,0.42496316273370127,0.0873062752599654,0.42121739476666087
92012,0.02971099650004717,0.01134282126336489,0.4078586167599804,0.08263036611196496,0.46845719936464264
92014,0.006385518673389687,,0.35403868937145494,0.06875035382016921,0.5708254381349862
92019,0.03506835423029822,,0.7310785874954292,0.042603229299150024,0.19124982897512255
92020,0.021598374179694853,0.007015954736467307,0.5926401632304962,0.0330895350199355,0.3456559728334062
92022,0.015748631715476757,3.5734221500809746e-05,0.5333170449436548,0.05160930483750617,0.39928928428186145
92023,0.04624068156444681,0.029202657535803284,0.5195569162055683,0.05791305720037552,0.34708668749380617
92024,0.0069205350472990555,0.009948554374393778,0.4267972185740584,0.0689025615326355,0.48743113047161324
92025,0.020295254556842564,0.013041631881223058,0.5192148770798616,0.07026002339428564,0.37718821308778716
92026,0.024573250865117476,0.0061735210869563,0.2500560264882746,0.04987389416038218,0.6693233073992695
92032,0.028805847589631256,0.019675172167343935,0.37068409341860414,0.07846483028260709,0.5023700565418135
92033,0.03969546029089163,,0.4739362199881273,0.03718866825376251,0.4491796514672186
92035,0.018737221532096796,0.008385021865100435,0.43531485532182257,0.05120194163157921,0.486360959649401
92036,0.01614259823041271,0.03361872291303191,0.6013983225818474,0.03928367135439864,0.30955668492030936
92040,0.03761438759627859,0.004859218392872085,0.34607156035915876,0.0605407719452665,0.550914061706424
92044,0.06170855396717403,0.008348635365450037,0.33049943275354127,0.0663759170131038,0.5330674609007309
92046,0.00939168886780376,0.0221694946877135,0.4497547701770891,0.08073595384919595,0.4379480924181977
92047,,,0.3674943903178917,0.013453770883227386,0.619051838798881
92048,0.03100351972103642,0.00505454122475702,0.5642865627095986,0.03690731046517622,0.36274806587943176
92049,0.05731476589532736,0.014128501742989774,0.3309608139597312,0.07762984319593924,0.5199660752060126
92050,0.02087868220542306,0.006177698802852477,0.42435218899784255,0.027623895502442587,0.5209675344914393
92051,0.016332717621068076,0.020423746767307717,0.3730368327978409,0.05778311729233254,0.5324235855214507
92060,0.05812702005797535,,0.7575646845370657,0.014621597002207597,0.16968669840275138
92062,0.033430756594321764,0.0015586811824883837,0.2374952077974221,0.039337159932840655,0.688178194492927
92063,0.03779600931468151,0.005250737437175077,0.5654299404728648,0.03272047985185437,0.3588028329234244
92064,0.03427389997060353,,0.4371381869680611,0.05864533014717782,0.46994258291415747
92071,0.025472685919473968,0.023263636922060165,0.4263019723245312,0.044903686800024344,0.4800580180339103
92072,0.039500964175463886,0.0007101381322203434,0.4938665216416023,0.06437085175253143,0.4015515242981821
92073,0.031290650451897016,,0.5465744893694972,0.0535536478356344,0.36858121234297136
92075,0.019648852773614722,0.025858975603355015,0.4694102081329069,0.06640739487183228,0.4186745686182911
92076,0.10434012904475087,,0.697885741899573,0.04756467804551212,0.15020945101016414
92077,0.05608038090483897,0.03282046508052076,0.4693742489218552,0.04863364567548567,0.39309125941729944
92078,0.0016658373479875187,0.025226520637341907,0.5439773334822056,0.06762780278969567,0.3615025057427693
93001,0.014130468897779382,0.007805435357054114,0.4351070345124296,0.07824857155099986,0.46470848968173706
93005,0.00988366829076874,0.009656603914091571,0.6085324401755916,0.04659003753075524,0.3253372500887928
93006,0.011702282685474168,0.0010547595979155057,0.47637220266377855,0.04776800241159064,0.46310275264124107
93007,0.028772749606855472,0.008347435855957725,0.5402050897835202,0.036459794513430344,0.38621493024023623
93008,0.0069581785136647355,0.0063874562219512505,0.3818708365201481,0.042080507487544466,0.5627030212566914
93010,,0.0034066564716447706,0.4639459792081234,0.05124720332017143,0.48140016100006033
93013,,,0.4385328580120405,0.01805496186179859,0.5434121801261609
93014,,,0.4345576088143218,0.09113503844732702,0.4743073527383512
93015,,0.06953120568804265,0.24509763372017293,0.01286838286500008,0.6725027777267844
93027,0.007476710560599391,0.006310453348300262,0.43934209279127767,0.048602466192624115,0.4982682771071987
93029,0.043605565510129805,0.0015603648918848154,0.5164326142241663,0.06437242697826291,0.37402902839555624
93030,0.033566371184332054,0.0010843564034978177,0.557487849783649,0.0533466645781869,0.3545147580503342
93031,0.008271629351776104,0.0011115279202859895,0.37690638514193475,0.07992425460435647,0.5337862029816467
93032,0.01990387326853712,,0.3522443031505358,0.05835827197952999,0.5694935516013973
93033,,,0.5887365904658456,0.06748509886254858,0.3437783106716058
93039,0.016414972659266606,,0.5769734977552369,0.05459647327881764,0.3520150563066788
93045,0.0024963853976848684,0.006243212088070573,0.46702670231309495,0.07657125184051579,0.44766244836063374
93046,0.016896707630733438,0.007654896619991877,0.6754182488533541,0.03428704131815441,0.2657431055777662
93047,0.006718137160336337,,0.6274542207862619,0.053950545607512085,0.31187709644588957
93048,0.04333068564913134,0.007296249766446167,0.374507536881242,0.05029705423389886,0.5245684734692817
93049,0.050425693102586544,0.002440361754420044,0.5631475894473182,0.05332150953850175,0.33066484615717345
93050,0.04561374809890639,0.0019413326227680895,0.528832525822364,0.0437958027641405,0.379816590691821
93051,0.01126709899613294,0.00017034994319985072,0.5042654354397742,0.0232849762720422,0.4610121393488508
93053,0.001519611354999982,,0.5397348569706211,0.08612624107466017,0.37261929059971877
93055,0.0343390142107619,0.00924550071438824,0.3913934829482419,0.06641969827055767,0.4986023038560503
93057,,,0.7116183174675283,0.015262479570909426,0.27311920296156217
93059,,,0.36521767625967505,0.058959212780990734,0.5758231109593343
93061,,0.0085666713067323,0.36222487993337216,0.05459971468787852,0.574608734072017
93062,0.04527347163963184,,0.5325319553197528,0.04227247452366665,0.37992209851694875
93063,,0.025726743087717285,0.7342099221762703,0.0766993058871281,0.16336402884888424
93064,0.02779460732217884,,0.6070698338756703,0.03606569366334496,0.3290698651388059
93066,0.021755964044977903,0.009657375286653398,0.40740244944253085,0.04641045225204438,0.5147737589737934
93070,0.025080746409195415,0.014536843265929496,0.3900744837712509,0.034928116918092084,0.5353798096355321
93071,0.02671148012669887,0.012425976840978362,0.41804453267879177,0.08471511618112253,0.45810289417240846
93072,0.03140182958832339,0.0068644150428072166,0.5551666926401917,0.07753898323984838,0.32902807948882934
93073,0.004283282219535728,0.010857603076596077,0.7098251691315692,0.017445786368037546,0.2575881592042614
93074,0.03441492186167068,,0.8094251698571965,0.03358474201448662,0.12257516626664614
93077,0.10156730133580494,,0.5085319600563808,0.03128827674788549,0.3586124618599289
93078,0.006146809843144944,0.0016721878020224325,0.6980920324460873,0.020404729581882067,0.2736842403268632
93079,,0.009806714143209145,0.37518582906426007,0.04563354588254,0.5693739109099908
94001,,0.005149753069026189,0.8463644110044934,0.02841888613840087,0.12006694978807952
94002,0.0894135800987663,0.0036671671704701565,0.5836598523189305,0.06401875477794688,0.2592406456338861
94003,0.0432424901804033,0.004132412733346146,0.6089944459393,0.04824925094645366,0.295381400200497
94004,0.03247543980160549,0.0071247771966817695,0.5909824927312295,0.03730435148001387,0.33211293879046944
94011,,0.008320536970769612,0.6768667079276197,0.06289880428270839,0.2519139508189023
94015,,,0.5791918973813027,0.02719608297971701,0.3936120196389802
94016,0.042518299816956005,0.006010522946824147,0.3724295378259804,0.06768342054884481,0.5113582188613948
94017,0.014404878918593125,0.001563660924978961,0.5500505218419475,0.062425790148527,0.3715551481659534
94018,0.01759683829214894,0.005456440740516657,0.4529979353172818,0.05415500435043295,0.46979378129961963
94019,0.002503530090798652,,0.7263665641096083,0.05504311171010704,0.21608679408948592
94021,0.06406389544566261,0.0009979426712641425,0.7330500876065559,0.03896767782085858,0.16292039645565884
94022,0.03398513896914993,0.0011155241381404597,0.5692730732778329,0.06574570745648246,0.3298805561583941
94028,0.02369426727163788,0.008100856066898714,0.5287174623814958,0.050843324496098775,0.388644089783869
94033,0.035935592387422326,0.021293154302418175,0.3049902374082426,0.04216484280678684,0.59561617309513
94034,0.04588722605912533,0.003224150228923057,0.6222232628157001,0.06243614770492603,0.26622921319132553
94037,0.012577014084392327,0.004196019125412207,0.40649680283447487,0.0411659968547357,0.535564167100985
94038,0.01649981626804396,0.01306683922628233,0.666756835145583,0.030837809275195985,0.2728387000848947
94041,0.05479084986730741,0.010391620153601358,0.4477898710876446,0.055131232389575915,0.43189642650187077
94042,0.2957008577151722,,0.31694569965280256,0.042936067694460685,0.3444173749375646
94043,0.03779295872597408,0.005937707892946746,0.3030902626498894,0.04670018343365756,0.6064788872975321
94044,,,0.5496560350826616,0.010429321579811442,0.43991464333752694
94046,0.010792124681836825,0.009945771385326974,0.4673125525959211,0.07512657778196702,0.43682297355494815
94047,0.051063031832320596,,0.5427843671427822,0.020410504851462008,0.3857420961734352
94048,,0.0011114502975074693,0.5737793577893302,0.009105951768876457,0.416003240144286
94052,0.02538411350078823,0.0036953707638606482,0.44166460198568125,0.08935001064514046,0.4399059031045295
94053,0.02602446848962504,0.003571995084250092,0.670764937815037,0.0066784987085952785,0.29296009990249267
94054,,0.0036971388398624864,0.7450024732996667,0.018666383406039024,0.23263400445443175
94055,0.029324527474785127,,0.6877089478864574,0.021991460666664037,0.2609750639720934
94056,,0.0049846287778054915,0.8884787793614544,0.0033651226214875237,0.10317146923925265
94058,0.021415925122677936,0.001028344449796452,0.6828480084281079,0.08251551829449351,0.21219220370492434
94059,0.06347164676271852,0.008503260060947027,0.5966226699611222,0.04346450670342645,0.2879379165117858
94060,0.011564279946905193,0.007670132301584439,0.7467762256251351,0.023315876805721752,0.21067348532065358
94065,0.05918380668473862,0.003199434785763927,0.8122533706042074,0.004400354486169902,0.12096303343912
94067,0.007448827166871596,0.006689648389869299,0.38997252913680097,0.14831097348587202,0.44757802182058604
94068,0.01562354770962388,0.0016191695784339535,0.49841014361160296,0.03700058801512536,0.4473465510852139
94069,0.05633122026348936,0.000795721390760924,0.5246052449573452,0.04281258255411263,0.37545523083429194
94070,0.02896029330751035,,0.841785586740964,0.01016639982357044,0.11908772012795522
94071,0.05516169962305709,,0.6239035337823509,0.03024855371985225,0.2906862128747399
94073,0.024491953229935727,,0.6951213453878043,0.04890626720622474,0.2314804341760352
94074,,0.007035463841787114,0.40435353325781337,0.04939255071442948,0.53921845218597
94075,0.05163721872612792,0.006743850233505684,0.8223804453684195,0.017440336061141374,0.10179814961080545
94076,0.04774030713875124,0.004855333620723998,0.5363985647525228,0.040746278883495815,0.3702595156045062
94077,0.02713249989542806,0.00023453933809881102,0.5633355084954241,0.040214613036478844,0.3690828392345701
94078,0.012197866188639918,0.0066868639119761365,0.47863287128643006,0.03558001414275252,0.4669023844702014
94079,,0.0005197433445717676,0.6959843632668868,0.047330910432796046,0.25616498295574536
94080,0.03177947149870075,0.007850863253122507,0.27324100512994826,0.05357329690234945,0.633555363215879
94081,0.00504692489603735,0.0005441555759959049,0.5522516953501697,0.06547040827908303,0.37668681589871394
95018,0.011725324023674698,0.011519587294030133,0.5767793069291935,0.05707698260606795,0.34289879914703364
