orig_geocode,des_geocode,diff
1705,1705,0.0
1705,1156,60.66357421875
1705,1139,-69.53429412841797
1705,1097,-60.52876281738281
1705,1219,-50.419761657714844
1705,1159,-46.65644836425781
1705,1307,-61.838356018066406
1705,1157,-41.70179748535156
1705,1099,-44.14561462402344
1705,1237,-59.0677490234375
1705,1169,7.0919189453125
1705,1309,-62.52095031738281
1705,1257,-56.73834228515625
1705,1109,51.12046813964844
1705,1465,32.58720397949219
1705,1239,-45.73188781738281
1705,1187,-32.54331970214844
1705,1324,62.98579406738281
1705,1259,-60.61084747314453
1705,1189,52.64714050292969
1705,1326,50.11863708496094
1705,1277,-63.09362030029297
1705,1127,-63.27937316894531
1705,1279,-63.89042663574219
1705,1328,110.020751953125
1705,1129,-26.624374389648438
1705,1069,-61.64148712158203
1705,1108,19.061111450195312
1705,1217,-8.316390991210938
1705,1067,-62.451568603515625
1705,1445,-66.23108673095703
1156,1705,-60.66357421875
1156,1156,0.0
1156,1139,-130.1978759765625
1156,1097,-121.19233703613281
1156,1219,-111.08333587646484
1156,1159,-107.32002258300781
1156,1307,-122.5019302368164
1156,1157,-102.36537170410156
1156,1099,-104.80918884277344
1156,1237,-119.7313232421875
1156,1169,-53.5716552734375
1156,1309,-123.18452453613281
1156,1257,-117.40191650390625
1156,1109,-9.543106079101562
1156,1465,-28.076370239257812
1156,1239,-106.39546203613281
1156,1187,-93.20689392089844
1156,1324,2.3222198486328125
1156,1259,-121.27442169189453
1156,1189,-8.016433715820312
1156,1326,-10.544937133789062
1156,1277,-123.75719451904297
1156,1127,-123.94294738769531
1156,1279,-124.55400085449219
1156,1328,49.357177734375
1156,1129,-87.28794860839844
1156,1069,-122.30506134033203
1156,1108,-41.60246276855469
1156,1217,-68.97996520996094
1156,1067,-123.11514282226562
1156,1445,-126.89466094970703
1139,1705,69.53429412841797
1139,1156,130.1978759765625
1139,1139,0.0
1139,1097,9.005531311035156
1139,1219,19.114532470703125
1139,1159,22.877845764160156
1139,1307,7.6959381103515625
1139,1157,27.832496643066406
1139,1099,25.38867950439453
1139,1237,10.466545104980469
1139,1169,76.62621307373047
1139,1309,7.013343811035156
1139,1257,12.795951843261719
1139,1109,120.6547622680664
1139,1465,102.12149810791016
1139,1239,23.802406311035156
1139,1187,36.99097442626953
1139,1324,132.52008056640625
1139,1259,8.923446655273438
1139,1189,122.18143463134766
1139,1326,119.6529312133789
1139,1277,6.440673828125
1139,1127,6.254920959472656
1139,1279,5.643867492675781
1139,1328,179.5550537109375
1139,1129,42.90991973876953
1139,1069,7.8928070068359375
1139,1108,88.59540557861328
1139,1217,61.21790313720703
1139,1067,7.082725524902344
1139,1445,3.3032073974609375
1097,1705,60.52876281738281
1097,1156,121.19233703613281
1097,1139,-9.005531311035156
1097,1097,0.0
1097,1219,10.109001159667969
1097,1159,13.872314453125
1097,1307,-1.3095932006835938
1097,1157,18.82696533203125
1097,1099,16.383148193359375
1097,1237,1.4610137939453125
1097,1169,67.62068176269531
1097,1309,-1.9921875
1097,1257,3.7904205322265625
1097,1109,111.64923095703125
1097,1465,93.115966796875
1097,1239,14.796875
1097,1187,27.985443115234375
1097,1324,123.51455688476562
1097,1259,-0.08208465576171875
1097,1189,113.1759033203125
1097,1326,110.64739990234375
1097,1277,-2.5648574829101562
1097,1127,-2.7506103515625
1097,1279,-3.361663818359375
1097,1328,170.5495147705078
1097,1129,33.904388427734375
1097,1069,-1.1127243041992188
1097,1108,79.58987426757812
1097,1217,52.212371826171875
1097,1067,-1.9228057861328125
1097,1445,-5.702323913574219
1219,1705,50.419761657714844
1219,1156,111.08333587646484
1219,1139,-19.114532470703125
1219,1097,-10.109001159667969
1219,1219,0.0
1219,1159,3.7633132934570312
1219,1307,-11.418594360351562
1219,1157,8.717964172363281
1219,1099,6.274147033691406
1219,1237,-8.647987365722656
1219,1169,57.511680603027344
1219,1309,-12.101188659667969
1219,1257,-6.318580627441406
1219,1109,101.54022979736328
1219,1465,83.00696563720703
1219,1239,4.687873840332031
1219,1187,17.876441955566406
1219,1324,113.40555572509766
1219,1259,-10.191085815429688
1219,1189,103.06690216064453
1219,1326,100.53839874267578
1219,1277,-12.673858642578125
1219,1127,-12.859611511230469
1219,1279,-13.470664978027344
1219,1328,160.44052124023438
1219,1129,23.795387268066406
1219,1069,-11.221725463867188
1219,1108,69.48087310791016
1219,1217,42.103370666503906
1219,1067,-12.031806945800781
1219,1445,-15.811325073242188
1159,1705,46.65644836425781
1159,1156,107.32002258300781
1159,1139,-22.877845764160156
1159,1097,-13.872314453125
1159,1219,-3.7633132934570312
1159,1159,0.0
1159,1307,-15.181907653808594
1159,1157,4.95465087890625
1159,1099,2.510833740234375
1159,1237,-12.411300659179688
1159,1169,53.74836730957031
1159,1309,-15.864501953125
1159,1257,-10.081893920898438
1159,1109,97.77691650390625
1159,1465,79.24365234375
1159,1239,0.924560546875
1159,1187,14.113128662109375
1159,1324,109.64224243164062
1159,1259,-13.954399108886719
1159,1189,99.3035888671875
1159,1326,96.77508544921875
1159,1277,-16.437171936035156
1159,1127,-16.6229248046875
1159,1279,-17.233978271484375
1159,1328,156.6772003173828
1159,1129,20.032073974609375
1159,1069,-14.985038757324219
1159,1108,65.71755981445312
1159,1217,38.340057373046875
1159,1067,-15.795120239257812
1159,1445,-19.57463836669922
1307,1705,61.838356018066406
1307,1156,122.5019302368164
1307,1139,-7.6959381103515625
1307,1097,1.3095932006835938
1307,1219,11.418594360351562
1307,1159,15.181907653808594
1307,1307,0.0
1307,1157,20.136558532714844
1307,1099,17.69274139404297
1307,1237,2.7706069946289062
1307,1169,68.9302749633789
1307,1309,-0.6825942993164062
1307,1257,5.100013732910156
1307,1109,112.95882415771484
1307,1465,94.4255599975586
1307,1239,16.106468200683594
1307,1187,29.29503631591797
1307,1324,124.82415008544922
1307,1259,1.227508544921875
1307,1189,114.4854965209961
1307,1326,111.95699310302734
1307,1277,-1.2552642822265625
1307,1127,-1.4410171508789062
1307,1279,-2.0520706176757812
1307,1328,171.85910034179688
1307,1129,35.21398162841797
1307,1069,0.196868896484375
1307,1108,80.89946746826172
1307,1217,53.52196502685547
1307,1067,-0.6132125854492188
1307,1445,-4.392730712890625
1157,1705,41.70179748535156
1157,1156,102.36537170410156
1157,1139,-27.832496643066406
1157,1097,-18.82696533203125
1157,1219,-8.717964172363281
1157,1159,-4.95465087890625
1157,1307,-20.136558532714844
1157,1157,0.0
1157,1099,-2.443817138671875
1157,1237,-17.365951538085938
1157,1169,48.79371643066406
1157,1309,-20.81915283203125
1157,1257,-15.036544799804688
1157,1109,92.822265625
1157,1465,74.28900146484375
1157,1239,-4.03009033203125
1157,1187,9.158477783203125
1157,1324,104.68759155273438
1157,1259,-18.90904998779297
1157,1189,94.34893798828125
1157,1326,91.8204345703125
1157,1277,-21.391822814941406
1157,1127,-21.57757568359375
1157,1279,-22.188629150390625
1157,1328,151.72254943847656
1157,1129,15.077423095703125
1157,1069,-19.93968963623047
1157,1108,60.762908935546875
1157,1217,33.385406494140625
1157,1067,-20.749771118164062
1157,1445,-24.52928924560547
1099,1705,44.14561462402344
1099,1156,104.80918884277344
1099,1139,-25.38867950439453
1099,1097,-16.383148193359375
1099,1219,-6.274147033691406
1099,1159,-2.510833740234375
1099,1307,-17.69274139404297
1099,1157,2.443817138671875
1099,1099,0.0
1099,1237,-14.922134399414062
1099,1169,51.23753356933594
1099,1309,-18.375335693359375
1099,1257,-12.592727661132812
1099,1109,95.26608276367188
1099,1465,76.73281860351562
1099,1239,-1.586273193359375
1099,1187,11.602294921875
1099,1324,107.13140869140625
1099,1259,-16.465232849121094
1099,1189,96.79275512695312
1099,1326,94.26425170898438
1099,1277,-18.94800567626953
1099,1127,-19.133758544921875
1099,1279,-19.74481201171875
1099,1328,154.16636657714844
1099,1129,17.521240234375
1099,1069,-17.495872497558594
1099,1108,63.20672607421875
1099,1217,35.8292236328125
1099,1067,-18.305953979492188
1099,1445,-22.085472106933594
1237,1705,59.0677490234375
1237,1156,119.7313232421875
1237,1139,-10.466545104980469
1237,1097,-1.4610137939453125
1237,1219,8.647987365722656
1237,1159,12.411300659179688
1237,1307,-2.7706069946289062
1237,1157,17.365951538085938
1237,1099,14.922134399414062
1237,1237,0.0
1237,1169,66.15966796875
1237,1309,-3.4532012939453125
1237,1257,2.32940673828125
1237,1109,110.18821716308594
1237,1465,91.65495300292969
1237,1239,13.335861206054688
1237,1187,26.524429321289062
1237,1324,122.05354309082031
1237,1259,-1.5430984497070312
1237,1189,111.71488952636719
1237,1326,109.18638610839844
1237,1277,-4.025871276855469
1237,1127,-4.2116241455078125
1237,1279,-4.8226776123046875
1237,1328,169.0885009765625
1237,1129,32.44337463378906
1237,1069,-2.5737380981445312
1237,1108,78.12886047363281
1237,1217,50.75135803222656
1237,1067,-3.383819580078125
1237,1445,-7.163337707519531
1169,1705,-7.0919189453125
1169,1156,53.5716552734375
1169,1139,-76.62621307373047
1169,1097,-67.62068176269531
1169,1219,-57.511680603027344
1169,1159,-53.74836730957031
1169,1307,-68.9302749633789
1169,1157,-48.79371643066406
1169,1099,-51.23753356933594
1169,1237,-66.15966796875
1169,1169,0.0
1169,1309,-69.61286926269531
1169,1257,-63.83026123046875
1169,1109,44.02854919433594
1169,1465,25.495285034179688
1169,1239,-52.82380676269531
1169,1187,-39.63523864746094
1169,1324,55.89387512207031
1169,1259,-67.70276641845703
1169,1189,45.55522155761719
1169,1326,43.02671813964844
1169,1277,-70.18553924560547
1169,1127,-70.37129211425781
1169,1279,-70.98234558105469
1169,1328,102.9288330078125
1169,1129,-33.71629333496094
1169,1069,-68.73340606689453
1169,1108,11.969192504882812
1169,1217,-15.408309936523438
1169,1067,-69.54348754882812
1169,1445,-73.32300567626953
1309,1705,62.52095031738281
1309,1156,123.18452453613281
1309,1139,-7.013343811035156
1309,1097,1.9921875
1309,1219,12.101188659667969
1309,1159,15.864501953125
1309,1307,0.6825942993164062
1309,1157,20.81915283203125
1309,1099,18.375335693359375
1309,1237,3.4532012939453125
1309,1169,69.61286926269531
1309,1309,0.0
1309,1257,5.7826080322265625
1309,1109,113.64141845703125
1309,1465,95.108154296875
1309,1239,16.7890625
1309,1187,29.977630615234375
1309,1324,125.50674438476562
1309,1259,1.9101028442382812
1309,1189,115.1680908203125
1309,1326,112.63958740234375
1309,1277,-0.5726699829101562
1309,1127,-0.7584228515625
1309,1279,-1.369476318359375
1309,1328,172.5417022705078
1309,1129,35.896575927734375
1309,1069,0.8794631958007812
1309,1108,81.58206176757812
1309,1217,54.204559326171875
1309,1067,0.0693817138671875
1309,1445,-3.7101364135742188
1257,1705,56.73834228515625
1257,1156,117.40191650390625
1257,1139,-12.795951843261719
1257,1097,-3.7904205322265625
1257,1219,6.318580627441406
1257,1159,10.081893920898438
1257,1307,-5.100013732910156
1257,1157,15.036544799804688
1257,1099,12.592727661132812
1257,1237,-2.32940673828125
1257,1169,63.83026123046875
1257,1309,-5.7826080322265625
1257,1257,0.0
1257,1109,107.85881042480469
1257,1465,89.32554626464844
1257,1239,11.006454467773438
1257,1187,24.195022583007812
1257,1324,119.72413635253906
1257,1259,-3.8725051879882812
1257,1189,109.38548278808594
1257,1326,106.85697937011719
1257,1277,-6.355278015136719
1257,1127,-6.5410308837890625
1257,1279,-7.1520843505859375
1257,1328,166.75909423828125
1257,1129,30.113967895507812
1257,1069,-4.903144836425781
1257,1108,75.79945373535156
1257,1217,48.42195129394531
1257,1067,-5.713226318359375
1257,1445,-9.492744445800781
1109,1705,-51.12046813964844
1109,1156,9.543106079101562
1109,1139,-120.6547622680664
1109,1097,-111.64923095703125
1109,1219,-101.54022979736328
1109,1159,-97.77691650390625
1109,1307,-112.95882415771484
1109,1157,-92.822265625
1109,1099,-95.26608276367188
1109,1237,-110.18821716308594
1109,1169,-44.02854919433594
1109,1309,-113.64141845703125
1109,1257,-107.85881042480469
1109,1109,0.0
1109,1465,-18.53326416015625
1109,1239,-96.85235595703125
1109,1187,-83.66378784179688
1109,1324,11.865325927734375
1109,1259,-111.73131561279297
1109,1189,1.52667236328125
1109,1326,-1.0018310546875
1109,1277,-114.2140884399414
1109,1127,-114.39984130859375
1109,1279,-115.01089477539062
1109,1328,58.90028381347656
1109,1129,-77.74484252929688
1109,1069,-112.76195526123047
1109,1108,-32.059356689453125
1109,1217,-59.436859130859375
1109,1067,-113.57203674316406
1109,1445,-117.35155487060547
1465,1705,-32.58720397949219
1465,1156,28.076370239257812
1465,1139,-102.12149810791016
1465,1097,-93.115966796875
1465,1219,-83.00696563720703
1465,1159,-79.24365234375
1465,1307,-94.4255599975586
1465,1157,-74.28900146484375
1465,1099,-76.73281860351562
1465,1237,-91.65495300292969
1465,1169,-25.495285034179688
1465,1309,-95.108154296875
1465,1257,-89.32554626464844
1465,1109,18.53326416015625
1465,1465,0.0
1465,1239,-78.319091796875
1465,1187,-65.13052368164062
1465,1324,30.398590087890625
1465,1259,-93.19805145263672
1465,1189,20.0599365234375
1465,1326,17.53143310546875
1465,1277,-95.68082427978516
1465,1127,-95.8665771484375
1465,1279,-96.47763061523438
1465,1328,77.43354797363281
1465,1129,-59.211578369140625
1465,1069,-94.22869110107422
1465,1108,-13.526092529296875
1465,1217,-40.903594970703125
1465,1067,-95.03877258300781
1465,1445,-98.81829071044922
1239,1705,45.73188781738281
1239,1156,106.39546203613281
1239,1139,-23.802406311035156
1239,1097,-14.796875
1239,1219,-4.687873840332031
1239,1159,-0.924560546875
1239,1307,-16.106468200683594
1239,1157,4.03009033203125
1239,1099,1.586273193359375
1239,1237,-13.335861206054688
1239,1169,52.82380676269531
1239,1309,-16.7890625
1239,1257,-11.006454467773438
1239,1109,96.85235595703125
1239,1465,78.319091796875
1239,1239,0.0
1239,1187,13.188568115234375
1239,1324,108.71768188476562
1239,1259,-14.878959655761719
1239,1189,98.3790283203125
1239,1326,95.85052490234375
1239,1277,-17.361732482910156
1239,1127,-17.5474853515625
1239,1279,-18.158538818359375
1239,1328,155.7526397705078
1239,1129,19.107513427734375
1239,1069,-15.909599304199219
1239,1108,64.79299926757812
1239,1217,37.415496826171875
1239,1067,-16.719680786132812
1239,1445,-20.49919891357422
1187,1705,32.54331970214844
1187,1156,93.20689392089844
1187,1139,-36.99097442626953
1187,1097,-27.985443115234375
1187,1219,-17.876441955566406
1187,1159,-14.113128662109375
1187,1307,-29.29503631591797
1187,1157,-9.158477783203125
1187,1099,-11.602294921875
1187,1237,-26.524429321289062
1187,1169,39.63523864746094
1187,1309,-29.977630615234375
1187,1257,-24.195022583007812
1187,1109,83.66378784179688
1187,1465,65.13052368164062
1187,1239,-13.188568115234375
1187,1187,0.0
1187,1324,95.52911376953125
1187,1259,-28.067527770996094
1187,1189,85.19046020507812
1187,1326,82.66195678710938
1187,1277,-30.55030059814453
1187,1127,-30.736053466796875
1187,1279,-31.34710693359375
1187,1328,142.56407165527344
1187,1129,5.9189453125
1187,1069,-29.098167419433594
1187,1108,51.60443115234375
1187,1217,24.2269287109375
1187,1067,-29.908248901367188
1187,1445,-33.687767028808594
1324,1705,-62.98579406738281
1324,1156,-2.3222198486328125
1324,1139,-132.52008056640625
1324,1097,-123.51455688476562
1324,1219,-113.40555572509766
1324,1159,-109.64224243164062
1324,1307,-124.82415008544922
1324,1157,-104.68759155273438
1324,1099,-107.13140869140625
1324,1237,-122.05354309082031
1324,1169,-55.89387512207031
1324,1309,-125.50674438476562
1324,1257,-119.72413635253906
1324,1109,-11.865325927734375
1324,1465,-30.398590087890625
1324,1239,-108.71768188476562
1324,1187,-95.52911376953125
1324,1324,0.0
1324,1259,-123.59664154052734
1324,1189,-10.338653564453125
1324,1326,-12.867156982421875
1324,1277,-126.07941436767578
1324,1127,-126.26516723632812
1324,1279,-126.876220703125
1324,1328,47.03495788574219
1324,1129,-89.61016845703125
1324,1069,-124.62728118896484
1324,1108,-43.9246826171875
1324,1217,-71.30218505859375
1324,1067,-125.43736267089844
1324,1445,-129.21688842773438
1259,1705,60.61084747314453
1259,1156,121.27442169189453
1259,1139,-8.923446655273438
1259,1097,0.08208465576171875
1259,1219,10.191085815429688
1259,1159,13.954399108886719
1259,1307,-1.227508544921875
1259,1157,18.90904998779297
1259,1099,16.465232849121094
1259,1237,1.5430984497070312
1259,1169,67.70276641845703
1259,1309,-1.9101028442382812
1259,1257,3.8725051879882812
1259,1109,111.73131561279297
1259,1465,93.19805145263672
1259,1239,14.878959655761719
1259,1187,28.067527770996094
1259,1324,123.59664154052734
1259,1259,0.0
1259,1189,113.25798797607422
1259,1326,110.72948455810547
1259,1277,-2.4827728271484375
1259,1127,-2.6685256958007812
1259,1279,-3.2795791625976562
1259,1328,170.631591796875
1259,1129,33.986473083496094
1259,1069,-1.0306396484375
1259,1108,79.67195892333984
1259,1217,52.294456481933594
1259,1067,-1.8407211303710938
1259,1445,-5.6202392578125
1189,1705,-52.64714050292969
1189,1156,8.016433715820312
1189,1139,-122.18143463134766
1189,1097,-113.1759033203125
1189,1219,-103.06690216064453
1189,1159,-99.3035888671875
1189,1307,-114.4854965209961
1189,1157,-94.34893798828125
1189,1099,-96.79275512695312
1189,1237,-111.71488952636719
1189,1169,-45.55522155761719
1189,1309,-115.1680908203125
1189,1257,-109.38548278808594
1189,1109,-1.52667236328125
1189,1465,-20.0599365234375
1189,1239,-98.3790283203125
1189,1187,-85.19046020507812
1189,1324,10.338653564453125
1189,1259,-113.25798797607422
1189,1189,0.0
1189,1326,-2.52850341796875
1189,1277,-115.74076080322266
1189,1127,-115.926513671875
1189,1279,-116.53756713867188
1189,1328,57.37361145019531
1189,1129,-79.27151489257812
1189,1069,-114.28862762451172
1189,1108,-33.586029052734375
1189,1217,-60.963531494140625
1189,1067,-115.09870910644531
1189,1445,-118.87822723388672
1326,1705,-50.11863708496094
1326,1156,10.544937133789062
1326,1139,-119.6529312133789
1326,1097,-110.64739990234375
1326,1219,-100.53839874267578
1326,1159,-96.77508544921875
1326,1307,-111.95699310302734
1326,1157,-91.8204345703125
1326,1099,-94.26425170898438
1326,1237,-109.18638610839844
1326,1169,-43.02671813964844
1326,1309,-112.63958740234375
1326,1257,-106.85697937011719
1326,1109,1.0018310546875
1326,1465,-17.53143310546875
1326,1239,-95.85052490234375
1326,1187,-82.66195678710938
1326,1324,12.867156982421875
1326,1259,-110.72948455810547
1326,1189,2.52850341796875
1326,1326,0.0
1326,1277,-113.2122573852539
1326,1127,-113.39801025390625
1326,1279,-114.00906372070312
1326,1328,59.90211486816406
1326,1129,-76.74301147460938
1326,1069,-111.76012420654297
1326,1108,-31.057525634765625
1326,1217,-58.435028076171875
1326,1067,-112.57020568847656
1326,1445,-116.34972381591797
1277,1705,63.09362030029297
1277,1156,123.75719451904297
1277,1139,-6.440673828125
1277,1097,2.5648574829101562
1277,1219,12.673858642578125
1277,1159,16.437171936035156
1277,1307,1.2552642822265625
1277,1157,21.391822814941406
1277,1099,18.94800567626953
1277,1237,4.025871276855469
1277,1169,70.18553924560547
1277,1309,0.5726699829101562
1277,1257,6.355278015136719
1277,1109,114.2140884399414
1277,1465,95.68082427978516
1277,1239,17.361732482910156
1277,1187,30.55030059814453
1277,1324,126.07941436767578
1277,1259,2.4827728271484375
1277,1189,115.74076080322266
1277,1326,113.2122573852539
1277,1277,0.0
1277,1127,-0.18575286865234375
1277,1279,-0.7968063354492188
1277,1328,173.1143798828125
1277,1129,36.46924591064453
1277,1069,1.4521331787109375
1277,1108,82.15473175048828
1277,1217,54.77722930908203
1277,1067,0.6420516967773438
1277,1445,-3.1374664306640625
1127,1705,63.27937316894531
1127,1156,123.94294738769531
1127,1139,-6.254920959472656
1127,1097,2.7506103515625
1127,1219,12.859611511230469
1127,1159,16.6229248046875
1127,1307,1.4410171508789062
1127,1157,21.57757568359375
1127,1099,19.133758544921875
1127,1237,4.2116241455078125
1127,1169,70.37129211425781
1127,1309,0.7584228515625
1127,1257,6.5410308837890625
1127,1109,114.39984130859375
1127,1465,95.8665771484375
1127,1239,17.5474853515625
1127,1187,30.736053466796875
1127,1324,126.26516723632812
1127,1259,2.6685256958007812
1127,1189,115.926513671875
1127,1326,113.39801025390625
1127,1277,0.18575286865234375
1127,1127,0.0
1127,1279,-0.611053466796875
1127,1328,173.3001251220703
1127,1129,36.654998779296875
1127,1069,1.6378860473632812
1127,1108,82.34048461914062
1127,1217,54.962982177734375
1127,1067,0.8278045654296875
1127,1445,-2.9517135620117188
1279,1705,63.89042663574219
1279,1156,124.55400085449219
1279,1139,-5.643867492675781
1279,1097,3.361663818359375
1279,1219,13.470664978027344
1279,1159,17.233978271484375
1279,1307,2.0520706176757812
1279,1157,22.188629150390625
1279,1099,19.74481201171875
1279,1237,4.8226776123046875
1279,1169,70.98234558105469
1279,1309,1.369476318359375
1279,1257,7.1520843505859375
1279,1109,115.01089477539062
1279,1465,96.47763061523438
1279,1239,18.158538818359375
1279,1187,31.34710693359375
1279,1324,126.876220703125
1279,1259,3.2795791625976562
1279,1189,116.53756713867188
1279,1326,114.00906372070312
1279,1277,0.7968063354492188
1279,1127,0.611053466796875
1279,1279,0.0
1279,1328,173.9111785888672
1279,1129,37.26605224609375
1279,1069,2.2489395141601562
1279,1108,82.9515380859375
1279,1217,55.57403564453125
1279,1067,1.4388580322265625
1279,1445,-2.3406600952148438
1328,1705,-110.020751953125
1328,1156,-49.357177734375
1328,1139,-179.5550537109375
1328,1097,-170.5495147705078
1328,1219,-160.44052124023438
1328,1159,-156.6772003173828
1328,1307,-171.85910034179688
1328,1157,-151.72254943847656
1328,1099,-154.16636657714844
1328,1237,-169.0885009765625
1328,1169,-102.9288330078125
1328,1309,-172.5417022705078
1328,1257,-166.75909423828125
1328,1109,-58.90028381347656
1328,1465,-77.43354797363281
1328,1239,-155.7526397705078
1328,1187,-142.56407165527344
1328,1324,-47.03495788574219
1328,1259,-170.631591796875
1328,1189,-57.37361145019531
1328,1326,-59.90211486816406
1328,1277,-173.1143798828125
1328,1127,-173.3001251220703
1328,1279,-173.9111785888672
1328,1328,0.0
1328,1129,-136.64512634277344
1328,1069,-171.6622314453125
1328,1108,-90.95964050292969
1328,1217,-118.33714294433594
1328,1067,-172.47232055664062
1328,1445,-176.2518310546875
1129,1705,26.624374389648438
1129,1156,87.28794860839844
1129,1139,-42.90991973876953
1129,1097,-33.904388427734375
1129,1219,-23.795387268066406
1129,1159,-20.032073974609375
1129,1307,-35.21398162841797
1129,1157,-15.077423095703125
1129,1099,-17.521240234375
1129,1237,-32.44337463378906
1129,1169,33.71629333496094
1129,1309,-35.896575927734375
1129,1257,-30.113967895507812
1129,1109,77.74484252929688
1129,1465,59.211578369140625
1129,1239,-19.107513427734375
1129,1187,-5.9189453125
1129,1324,89.61016845703125
1129,1259,-33.986473083496094
1129,1189,79.27151489257812
1129,1326,76.74301147460938
1129,1277,-36.46924591064453
1129,1127,-36.654998779296875
1129,1279,-37.26605224609375
1129,1328,136.64512634277344
1129,1129,0.0
1129,1069,-35.017112731933594
1129,1108,45.68548583984375
1129,1217,18.3079833984375
1129,1067,-35.82719421386719
1129,1445,-39.606712341308594
1069,1705,61.64148712158203
1069,1156,122.30506134033203
1069,1139,-7.8928070068359375
1069,1097,1.1127243041992188
1069,1219,11.221725463867188
1069,1159,14.985038757324219
1069,1307,-0.196868896484375
1069,1157,19.93968963623047
1069,1099,17.495872497558594
1069,1237,2.5737380981445312
1069,1169,68.73340606689453
1069,1309,-0.8794631958007812
1069,1257,4.903144836425781
1069,1109,112.76195526123047
1069,1465,94.22869110107422
1069,1239,15.909599304199219
1069,1187,29.098167419433594
1069,1324,124.62728118896484
1069,1259,1.0306396484375
1069,1189,114.28862762451172
1069,1326,111.76012420654297
1069,1277,-1.4521331787109375
1069,1127,-1.6378860473632812
1069,1279,-2.2489395141601562
1069,1328,171.6622314453125
1069,1129,35.017112731933594
1069,1069,0.0
1069,1108,80.70259857177734
1069,1217,53.325096130371094
1069,1067,-0.8100814819335938
1069,1445,-4.589599609375
1108,1705,-19.061111450195312
1108,1156,41.60246276855469
1108,1139,-88.59540557861328
1108,1097,-79.58987426757812
1108,1219,-69.48087310791016
1108,1159,-65.71755981445312
1108,1307,-80.89946746826172
1108,1157,-60.762908935546875
1108,1099,-63.20672607421875
1108,1237,-78.12886047363281
1108,1169,-11.969192504882812
1108,1309,-81.58206176757812
1108,1257,-75.79945373535156
1108,1109,32.059356689453125
1108,1465,13.526092529296875
1108,1239,-64.79299926757812
1108,1187,-51.60443115234375
1108,1324,43.9246826171875
1108,1259,-79.67195892333984
1108,1189,33.586029052734375
1108,1326,31.057525634765625
1108,1277,-82.15473175048828
1108,1127,-82.34048461914062
1108,1279,-82.9515380859375
1108,1328,90.95964050292969
1108,1129,-45.68548583984375
1108,1069,-80.70259857177734
1108,1108,0.0
1108,1217,-27.37750244140625
1108,1067,-81.51268005371094
1108,1445,-85.29219818115234
1217,1705,8.316390991210938
1217,1156,68.97996520996094
1217,1139,-61.21790313720703
1217,1097,-52.212371826171875
1217,1219,-42.103370666503906
1217,1159,-38.340057373046875
1217,1307,-53.52196502685547
1217,1157,-33.385406494140625
1217,1099,-35.8292236328125
1217,1237,-50.75135803222656
1217,1169,15.408309936523438
1217,1309,-54.204559326171875
1217,1257,-48.42195129394531
1217,1109,59.436859130859375
1217,1465,40.903594970703125
1217,1239,-37.415496826171875
1217,1187,-24.2269287109375
1217,1324,71.30218505859375
1217,1259,-52.294456481933594
1217,1189,60.963531494140625
1217,1326,58.435028076171875
1217,1277,-54.77722930908203
1217,1127,-54.962982177734375
1217,1279,-55.57403564453125
1217,1328,118.33714294433594
1217,1129,-18.3079833984375
1217,1069,-53.325096130371094
1217,1108,27.37750244140625
1217,1217,0.0
1217,1067,-54.13517761230469
1217,1445,-57.914695739746094
1067,1705,62.451568603515625
1067,1156,123.11514282226562
1067,1139,-7.082725524902344
1067,1097,1.9228057861328125
1067,1219,12.031806945800781
1067,1159,15.795120239257812
1067,1307,0.6132125854492188
1067,1157,20.749771118164062
1067,1099,18.305953979492188
1067,1237,3.383819580078125
1067,1169,69.54348754882812
1067,1309,-0.0693817138671875
1067,1257,5.713226318359375
1067,1109,113.57203674316406
1067,1465,95.03877258300781
1067,1239,16.719680786132812
1067,1187,29.908248901367188
1067,1324,125.43736267089844
1067,1259,1.8407211303710938
1067,1189,115.09870910644531
1067,1326,112.57020568847656
1067,1277,-0.6420516967773438
1067,1127,-0.8278045654296875
1067,1279,-1.4388580322265625
1067,1328,172.47232055664062
1067,1129,35.82719421386719
1067,1069,0.8100814819335938
1067,1108,81.51268005371094
1067,1217,54.13517761230469
1067,1067,0.0
1067,1445,-3.7795181274414062
1445,1705,66.23108673095703
1445,1156,126.89466094970703
1445,1139,-3.3032073974609375
1445,1097,5.702323913574219
1445,1219,15.811325073242188
1445,1159,19.57463836669922
1445,1307,4.392730712890625
1445,1157,24.52928924560547
1445,1099,22.085472106933594
1445,1237,7.163337707519531
1445,1169,73.32300567626953
1445,1309,3.7101364135742188
1445,1257,9.492744445800781
1445,1109,117.35155487060547
1445,1465,98.81829071044922
1445,1239,20.49919891357422
1445,1187,33.687767028808594
1445,1324,129.21688842773438
1445,1259,5.6202392578125
1445,1189,118.87822723388672
1445,1326,116.34972381591797
1445,1277,3.1374664306640625
1445,1127,2.9517135620117188
1445,1279,2.3406600952148438
1445,1328,176.2518310546875
1445,1129,39.606712341308594
1445,1069,4.589599609375
1445,1108,85.29219818115234
1445,1217,57.914695739746094
1445,1067,3.7795181274414062
1445,1445,0.0
